y=2025.000000
m=7.000000
d=7.000000
h=15.000000
mn=57.000000
sec=39.024006
a=7999.985560
e=0.000999
i=44.999949
TA=359.556846
RA=358.947711
w=2.829945
s=1.000000
