X=7985.807420
Y=110.847102
Z=294.134420
V1=-0.253196
V2=4.996603
V3=4.989461
t0=2460864.247558
